1 1 103 53 41
1 1 113 44 47
1 1 116 58 35
1 1 118 98 10
1 1 155 61 62
1 1 157 107 40
1 1 161 62 67
1 1 258 235 79
1 1 315 226 180
1 1 454 370 185
2 1 103 53 41
2 1 113 44 47
2 1 116 58 35
2 1 118 98 10
2 1 155 61 62
2 1 157 107 40
2 1 161 62 67
2 1 258 235 79
2 1 315 226 180
2 1 454 370 185
3 1 103 53 41
3 1 113 44 47
3 1 116 58 35
3 1 118 98 10
3 1 155 61 62
3 1 157 107 40
3 1 161 62 67
3 1 258 235 79
3 1 315 226 180
3 1 454 370 185
4 1 103 53 41
4 1 113 44 47
4 1 116 58 35
4 1 118 98 10
4 1 155 61 62
4 1 157 107 40
4 1 161 62 67
4 1 258 235 79
4 1 315 226 180
4 1 454 370 185
5 1 103 53 41
5 1 113 44 47
5 1 116 58 35
5 1 118 98 10
5 1 155 61 62
5 1 157 107 40
5 1 161 62 67
5 1 258 235 79
5 1 315 226 180
5 1 454 370 185
1 1 103 53 41
1 1 113 44 47
1 1 116 58 35
1 1 118 98 10
1 1 155 61 62
1 1 157 107 40
1 1 161 62 67
1 1 258 235 79
1 1 315 226 180
1 1 454 370 185
2 1 103 53 41
2 1 113 44 47
2 1 116 58 35
2 1 118 98 10
2 1 155 61 62
2 1 157 107 40
2 1 161 62 67
2 1 258 235 79
2 1 315 226 180
2 1 454 370 185
3 1 103 53 41
3 1 113 44 47
3 1 116 58 35
3 1 118 98 10
3 1 155 61 62
3 1 157 107 40
3 1 161 62 67
3 1 258 235 79
3 1 315 226 180
3 1 454 370 185
4 1 103 53 41
4 1 113 44 47
4 1 116 58 35
4 1 118 98 10
4 1 155 61 62
4 1 157 107 40
4 1 161 62 67
4 1 258 235 79
4 1 315 226 180
4 1 454 370 185
5 1 103 53 41
5 1 113 44 47
5 1 116 58 35
5 1 118 98 10
5 1 155 61 62
5 1 157 107 40
5 1 161 62 67
5 1 258 235 79
5 1 315 226 180
5 1 454 370 185
1 1 103 53 41
1 1 113 44 47
1 1 116 58 35
1 1 118 98 10
1 1 155 61 62
1 1 157 107 40
1 1 161 62 67
1 1 258 235 79
1 1 315 226 180
1 1 454 370 185
2 1 103 53 41
2 1 113 44 47
2 1 116 58 35
2 1 118 98 10
2 1 155 61 62
2 1 157 107 40
2 1 161 62 67
2 1 258 235 79
2 1 315 226 180
2 1 454 370 185
3 1 103 53 41
3 1 113 44 47
3 1 116 58 35
3 1 118 98 10
3 1 155 61 62
3 1 157 107 40
3 1 161 62 67
3 1 258 235 79
3 1 315 226 180
3 1 454 370 185
4 1 103 53 41
4 1 113 44 47
4 1 116 58 35
4 1 118 98 10
4 1 155 61 62
4 1 157 107 40
4 1 161 62 67
4 1 258 235 79
4 1 315 226 180
4 1 454 370 185
5 1 103 53 41
5 1 113 44 47
5 1 116 58 35
5 1 118 98 10
5 1 155 61 62
5 1 157 107 40
5 1 161 62 67
5 1 258 235 79
5 1 315 226 180
5 1 454 370 185
1 1 103 53 41
1 1 113 44 47
1 1 116 58 35
1 1 118 98 10
1 1 155 61 62
1 1 157 107 40
1 1 161 62 67
1 1 258 235 79
1 1 315 226 180
1 1 454 370 185
2 1 103 53 41
2 1 113 44 47
2 1 116 58 35
2 1 118 98 10
2 1 155 61 62
2 1 157 107 40
2 1 161 62 67
2 1 258 235 79
2 1 315 226 180
2 1 454 370 185
3 1 103 53 41
3 1 113 44 47
3 1 116 58 35
3 1 118 98 10
3 1 155 61 62
3 1 157 107 40
3 1 161 62 67
3 1 258 235 79
3 1 315 226 180
3 1 454 370 185
4 1 103 53 41
4 1 113 44 47
4 1 116 58 35
4 1 118 98 10
4 1 155 61 62
4 1 157 107 40
4 1 161 62 67
4 1 258 235 79
4 1 315 226 180
4 1 454 370 185
5 1 103 53 41
5 1 113 44 47
5 1 116 58 35
5 1 118 98 10
5 1 155 61 62
5 1 157 107 40
5 1 161 62 67
5 1 258 235 79
5 1 315 226 180
5 1 454 370 185
1 1 103 53 41
1 1 113 44 47
1 1 116 58 35
1 1 118 98 10
1 1 155 61 62
1 1 157 107 40
1 1 161 62 67
1 1 258 235 79
1 1 315 226 180
1 1 454 370 185
2 1 103 53 41
2 1 113 44 47
2 1 116 58 35
2 1 118 98 10
2 1 155 61 62
2 1 157 107 40
2 1 161 62 67
2 1 258 235 79
2 1 315 226 180
2 1 454 370 185
3 1 103 53 41
3 1 113 44 47
3 1 116 58 35
3 1 118 98 10
3 1 155 61 62
3 1 157 107 40
3 1 161 62 67
3 1 258 235 79
3 1 315 226 180
3 1 454 370 185
4 1 103 53 41
4 1 113 44 47
4 1 116 58 35
4 1 118 98 10
4 1 155 61 62
4 1 157 107 40
4 1 161 62 67
4 1 258 235 79
4 1 315 226 180
4 1 454 370 185
5 1 103 53 41
5 1 113 44 47
5 1 116 58 35
5 1 118 98 10
5 1 155 61 62
5 1 157 107 40
5 1 161 62 67
5 1 258 235 79
5 1 315 226 180
5 1 454 370 185
1 1 103 53 41
1 1 113 44 47
1 1 116 58 35
1 1 118 98 10
1 1 155 61 62
1 1 157 107 40
1 1 161 62 67
1 1 258 235 79
1 1 315 226 180
1 1 454 370 185
2 1 103 53 41
2 1 113 44 47
2 1 116 58 35
2 1 118 98 10
2 1 155 61 62
2 1 157 107 40
2 1 161 62 67
2 1 258 235 79
2 1 315 226 180
2 1 454 370 185
3 1 103 53 41
3 1 113 44 47
3 1 116 58 35
3 1 118 98 10
3 1 155 61 62
3 1 157 107 40
3 1 161 62 67
3 1 258 235 79
3 1 315 226 180
3 1 454 370 185
4 1 103 53 41
4 1 113 44 47
4 1 116 58 35
4 1 118 98 10
4 1 155 61 62
4 1 157 107 40
4 1 161 62 67
4 1 258 235 79
4 1 315 226 180
4 1 454 370 185
5 1 103 53 41
5 1 113 44 47
5 1 116 58 35
5 1 118 98 10
5 1 155 61 62
5 1 157 107 40
5 1 161 62 67
5 1 258 235 79
5 1 315 226 180
5 1 454 370 185
